380
[('ms0228', [209, 0, 0]),
 ('ms0809', [7872, 0, 0]),
 ('clnode219', [1104, 0, 0]),
 ('ms0122', [432, 0, 0]),
 ('ops', [0, 1084, 0.0]),
 ('hp023', [46, 0, 0]),
 ('clnode214', [246, 0, 0]),
 ('hp148', [54, 0, 0]),
 ('ms0124', [748, 0, 0]),
 ('hp125', [72, 0, 0]),
 ('ms0316', [412, 0, 0]),
 ('hp137', [74, 0, 0]),
 ('ms0123', [320, 0, 0]),
 ('ms0640', [420, 0, 0]),
 ('ms0119', [254, 0, 0]),
 ('clnode215', [284, 0, 0]),
 ('ms0602', [410, 0, 0]),
 ('ms0626', [306, 0, 0]),
 ('hp155', [138, 0, 0]),
 ('clnode007', [328, 0, 0]),
 ('ms0415', [0, 83, 0.0]),
 ('ms0121', [552, 0, 0]),
 ('ms0120', [356, 0, 0]),
 ('ms0127', [312, 0, 0]),
 ('hp122', [62, 0, 0]),
 ('hp127', [88, 0, 0]),
 ('clnode151', [118, 0, 0]),
 ('sdi-workshop.flux.utah.edu', [163, 0, 0]),
 ('ms0126', [254, 0, 0]),
 ('hp136', [70, 0, 0]),
 ('clnode110', [90, 0, 0]),
 ('hp129', [102, 0, 0]),
 ('hp144', [88, 0, 0]),
 ('clnode099', [94, 0, 0]),
 ('clnode103', [366, 0, 0]),
 ('hp033', [74, 0, 0]),
 ('hp145', [82, 0, 0]),
 ('clnode124', [56, 0, 0]),
 ('ms0241', [368, 0, 0]),
 ('clnode113', [82, 0, 0]),
 ('clnode127', [78, 0, 0]),
 ('hp016', [62, 0, 0]),
 ('hp130', [114, 0, 0]),
 ('clnode145', [76, 0, 0]),
 ('clnode107', [70, 0, 0]),
 ('hp135', [60, 0, 0]),
 ('hp160', [68, 0, 0]),
 ('hp147', [60, 0, 0]),
 ('hp146', [66, 0, 0]),
 ('hp158', [82, 0, 0]),
 ('hp149', [46, 0, 0]),
 ('ms0925', [0, 27, 0.0]),
 ('hp120', [0, 18, 0.0]),
 ('ms0533', [0, 2, 0.0]),
 ('ms0518', [0, 7, 0.0]),
 ('ms0537', [0, 7, 0.0]),
 ('ms0317', [1, 144, 0.006944444444444444]),
 ('ms0401', [1, 84, 0.011904761904761904]),
 ('clgpu008', [7, 511, 0.0136986301369863]),
 ('clgpu007', [8, 514, 0.01556420233463035]),
 ('ms0742', [4, 171, 0.023391812865497075]),
 ('ms0704', [11, 468, 0.023504273504273504]),
 ('ms1323', [16, 569, 0.028119507908611598]),
 ('ms0938', [22, 729, 0.03017832647462277]),
 ('ms0708', [14, 462, 0.030303030303030304]),
 ('ms0713', [6, 167, 0.03592814371257485]),
 ('ms0836', [49, 1343, 0.03648548026805659]),
 ('ms1312', [2, 53, 0.03773584905660377]),
 ('ms0707', [18, 465, 0.03870967741935484]),
 ('ms0702', [12, 309, 0.038834951456310676]),
 ('ms0716', [15, 308, 0.048701298701298704]),
 ('ms0435', [4, 80, 0.05]),
 ('ms0912', [13, 157, 0.08280254777070063]),
 ('clnode236', [7, 84, 0.08333333333333333]),
 ('ms1219', [1, 12, 0.08333333333333333]),
 ('ms1012', [8, 96, 0.08333333333333333]),
 ('hp106', [133, 1584, 0.08396464646464646]),
 ('hp102', [44, 515, 0.0854368932038835]),
 ('ms0821', [3, 35, 0.08571428571428572]),
 ('ms0405', [7, 78, 0.08974358974358974]),
 ('hp082', [144, 1467, 0.09815950920245399]),
 ('ms1238', [4, 39, 0.10256410256410256]),
 ('ms0816', [9, 84, 0.10714285714285714]),
 ('hp083', [175, 1621, 0.107958050586058]),
 ('clgpu006', [62, 570, 0.10877192982456141]),
 ('ms0945', [14, 128, 0.109375]),
 ('ms1011', [10, 91, 0.10989010989010989]),
 ('hp084', [182, 1633, 0.11145131659522352]),
 ('hp113', [155, 1390, 0.11151079136690648]),
 ('clnode112', [63, 541, 0.11645101663585952]),
 ('ms0910', [18, 154, 0.11688311688311688]),
 ('ms0923', [22, 188, 0.11702127659574468]),
 ('ms0917', [2, 17, 0.11764705882352941]),
 ('hp141', [91, 766, 0.11879895561357702]),
 ('ms1104', [4, 33, 0.12121212121212122]),
 ('ms1127', [8, 66, 0.12121212121212122]),
 ('ms1207', [5, 41, 0.12195121951219512]),
 ('clnode097', [92, 748, 0.12299465240641712]),
 ('clnode134', [93, 740, 0.12567567567567567]),
 ('ms0825', [18, 142, 0.1267605633802817]),
 ('hp089', [179, 1411, 0.1268603827072998]),
 ('ms0922', [29, 228, 0.12719298245614036]),
 ('ms0817', [94, 711, 0.13220815752461323]),
 ('hp132', [99, 746, 0.13270777479892762]),
 ('clnode038', [101, 751, 0.13448735019973368]),
 ('clnode230', [82, 608, 0.13486842105263158]),
 ('hp073', [91, 673, 0.1352154531946508]),
 ('hp184', [46, 338, 0.13609467455621302]),
 ('hp072', [79, 572, 0.1381118881118881]),
 ('hp182', [47, 340, 0.13823529411764707]),
 ('clnode073', [87, 622, 0.13987138263665594]),
 ('ms0512', [1, 7, 0.14285714285714285]),
 ('clnode247', [108, 753, 0.14342629482071714]),
 ('clnode188', [106, 736, 0.14402173913043478]),
 ('hp111', [82, 564, 0.1453900709219858]),
 ('clnode175', [89, 610, 0.14590163934426228]),
 ('hp036', [81, 551, 0.147005444646098]),
 ('hp094', [27, 183, 0.14754098360655737]),
 ('ms1101', [20, 134, 0.14925373134328357]),
 ('clnode115', [93, 612, 0.15196078431372548]),
 ('hp170', [86, 563, 0.152753108348135]),
 ('clnode208', [94, 615, 0.15284552845528454]),
 ('clnode252', [16, 104, 0.15384615384615385]),
 ('clnode150', [95, 615, 0.15447154471544716]),
 ('ms0830', [30, 194, 0.15463917525773196]),
 ('ms1045', [16, 103, 0.1553398058252427]),
 ('clnode197', [99, 634, 0.15615141955835962]),
 ('ms1227', [5, 32, 0.15625]),
 ('hp166', [87, 550, 0.15818181818181817]),
 ('hp188', [88, 556, 0.15827338129496402]),
 ('clnode001', [95, 599, 0.15859766277128548]),
 ('hp078', [73, 460, 0.15869565217391304]),
 ('ms0828', [34, 214, 0.1588785046728972]),
 ('hp159', [120, 748, 0.16042780748663102]),
 ('clnode160', [121, 754, 0.16047745358090185]),
 ('hp041', [91, 565, 0.16106194690265488]),
 ('hp098', [163, 1010, 0.1613861386138614]),
 ('ms1038', [92, 563, 0.16341030195381884]),
 ('hp110', [163, 997, 0.16349047141424272]),
 ('hp093', [162, 989, 0.16380182002022245]),
 ('hp162', [98, 593, 0.16526138279932545]),
 ('hp131', [39, 232, 0.16810344827586207]),
 ('hp124', [38, 226, 0.168141592920354]),
 ('clnode217', [103, 611, 0.1685761047463175]),
 ('ms0942', [29, 172, 0.1686046511627907]),
 ('ms0822', [39, 231, 0.16883116883116883]),
 ('hp121', [49, 290, 0.16896551724137931]),
 ('ms0916', [32, 189, 0.1693121693121693]),
 ('ms0810', [10, 59, 0.1694915254237288]),
 ('hp002', [141, 831, 0.16967509025270758]),
 ('ms0921', [26, 152, 0.17105263157894737]),
 ('clnode220', [109, 637, 0.17111459968602827]),
 ('clnode053', [24, 135, 0.17777777777777778]),
 ('hp042', [103, 574, 0.1794425087108014]),
 ('clnode209', [112, 621, 0.18035426731078905]),
 ('hp059', [107, 592, 0.18074324324324326]),
 ('hp156', [106, 583, 0.18181818181818182]),
 ('ms1009', [20, 110, 0.18181818181818182]),
 ('hp076', [43, 236, 0.18220338983050846]),
 ('hp114', [98, 536, 0.1828358208955224]),
 ('hp128', [39, 213, 0.18309859154929578]),
 ('ms1004', [28, 152, 0.18421052631578946]),
 ('ms1023', [12, 65, 0.18461538461538463]),
 ('clgpu003', [124, 670, 0.18507462686567164]),
 ('ms1019', [18, 97, 0.18556701030927836]),
 ('hp198', [64, 343, 0.18658892128279883]),
 ('hp138', [50, 264, 0.1893939393939394]),
 ('ms0841', [47, 248, 0.18951612903225806]),
 ('ms1025', [22, 116, 0.1896551724137931]),
 ('clnode178', [37, 195, 0.18974358974358974]),
 ('ms0918', [32, 166, 0.1927710843373494]),
 ('ms1028', [20, 103, 0.1941747572815534]),
 ('ms1030', [20, 103, 0.1941747572815534]),
 ('hp163', [113, 572, 0.19755244755244755]),
 ('clnode157', [109, 550, 0.19818181818181818]),
 ('clnode156', [82, 413, 0.19854721549636803]),
 ('clnode069', [168, 836, 0.20095693779904306]),
 ('clnode042', [163, 810, 0.20123456790123456]),
 ('hp004', [26, 129, 0.20155038759689922]),
 ('clnode070', [164, 812, 0.2019704433497537]),
 ('ms0824', [41, 203, 0.2019704433497537]),
 ('hp055', [147, 727, 0.20220082530949107]),
 ('ms0928', [15, 74, 0.20270270270270271]),
 ('ms0944', [152, 748, 0.20320855614973263]),
 ('ms1002', [20, 98, 0.20408163265306123]),
 ('clnode048', [171, 836, 0.20454545454545456]),
 ('ms1039', [22, 107, 0.205607476635514]),
 ('ms1026', [25, 121, 0.2066115702479339]),
 ('ms1015', [22, 106, 0.20754716981132076]),
 ('ms1017', [24, 115, 0.20869565217391303]),
 ('hp154', [42, 201, 0.208955223880597]),
 ('clnode095', [176, 835, 0.21077844311377245]),
 ('hp058', [53, 250, 0.212]),
 ('hp090', [83, 388, 0.21391752577319587]),
 ('clnode173', [70, 327, 0.21406727828746178]),
 ('hp080', [84, 392, 0.21428571428571427]),
 ('ms1006', [26, 121, 0.21487603305785125]),
 ('clnode090', [182, 838, 0.2171837708830549]),
 ('hp117', [189, 860, 0.21976744186046512]),
 ('clnode094', [186, 843, 0.2206405693950178]),
 ('clnode025', [193, 868, 0.22235023041474655]),
 ('clnode050', [186, 836, 0.22248803827751196]),
 ('ms0905', [141, 630, 0.22380952380952382]),
 ('ms0802', [169, 747, 0.22623828647925034]),
 ('ms0823', [36, 159, 0.22641509433962265]),
 ('ms0444', [171, 752, 0.22739361702127658]),
 ('hp100', [95, 416, 0.2283653846153846]),
 ('hp169', [172, 752, 0.22872340425531915]),
 ('hp092', [168, 731, 0.22982216142270862]),
 ('ms0832', [46, 200, 0.23]),
 ('ms1036', [12, 52, 0.23076923076923078]),
 ('hp024', [81, 347, 0.2334293948126801]),
 ('ms0843', [50, 214, 0.2336448598130841]),
 ('hp008', [245, 1048, 0.23377862595419846]),
 ('clnode056', [200, 851, 0.23501762632197415]),
 ('hp021', [94, 399, 0.23558897243107768]),
 ('ms0839', [108, 458, 0.23580786026200873]),
 ('hp195', [42, 178, 0.23595505617977527]),
 ('clnode093', [210, 886, 0.23702031602708803]),
 ('clnode121', [28, 118, 0.23728813559322035]),
 ('clnode167', [47, 198, 0.23737373737373738]),
 ('ms0114', [133, 560, 0.2375]),
 ('ms0812', [38, 160, 0.2375]),
 ('clnode078', [202, 849, 0.23792697290930506]),
 ('hp007', [236, 989, 0.23862487360970677]),
 ('ms0231', [121, 507, 0.23865877712031558]),
 ('ms0819', [179, 747, 0.23962516733601072]),
 ('clnode075', [220, 918, 0.23965141612200436]),
 ('clnode071', [206, 859, 0.239813736903376]),
 ('ms1134', [180, 749, 0.24032042723631508]),
 ('clnode067', [202, 839, 0.24076281287246723]),
 ('ms1108', [12, 49, 0.24489795918367346]),
 ('clnode054', [178, 724, 0.24585635359116023]),
 ('clnode036', [18, 73, 0.2465753424657534]),
 ('hp066', [158, 639, 0.24726134585289514]),
 ('hp057', [157, 631, 0.24881141045958796]),
 ('clnode092', [12, 48, 0.25]),
 ('ms1008', [14, 56, 0.25]),
 ('ms0937', [189, 753, 0.250996015936255]),
 ('clnode046', [210, 834, 0.2517985611510791]),
 ('ms1140', [159, 620, 0.2564516129032258]),
 ('clnode052', [227, 883, 0.2570781426953567]),
 ('clnode085', [188, 728, 0.25824175824175827]),
 ('hp087', [158, 603, 0.2620232172470978]),
 ('ms0244', [82, 310, 0.2645161290322581]),
 ('clnode084', [239, 901, 0.26526082130965595]),
 ('clnode080', [140, 527, 0.2656546489563567]),
 ('hp153', [170, 635, 0.2677165354330709]),
 ('ms0226', [126, 468, 0.2692307692307692]),
 ('hp115', [126, 467, 0.2698072805139186]),
 ('clnode087', [203, 749, 0.27102803738317754]),
 ('hp119', [180, 663, 0.27149321266968324]),
 ('ms1118', [168, 617, 0.27228525121555913]),
 ('ms1142', [206, 755, 0.2728476821192053]),
 ('ms0930', [173, 634, 0.27287066246056785]),
 ('clnode068', [196, 716, 0.2737430167597765]),
 ('clnode089', [200, 728, 0.27472527472527475]),
 ('clnode116', [114, 414, 0.2753623188405797]),
 ('ms1138', [206, 748, 0.27540106951871657]),
 ('ms0915', [46, 167, 0.2754491017964072]),
 ('ms1114', [114, 413, 0.27602905569007263]),
 ('clnode088', [224, 809, 0.276885043263288]),
 ('hp095', [184, 664, 0.27710843373493976]),
 ('hp139', [181, 652, 0.2776073619631902]),
 ('clnode130', [113, 407, 0.27764127764127766]),
 ('ms1044', [65, 234, 0.2777777777777778]),
 ('clnode047', [203, 721, 0.2815533980582524]),
 ('hp142', [175, 621, 0.28180354267310787]),
 ('hp118', [129, 454, 0.2841409691629956]),
 ('hp109', [20, 70, 0.2857142857142857]),
 ('hp143', [186, 644, 0.2888198757763975]),
 ('clnode086', [256, 886, 0.28893905191873587]),
 ('ms1021', [22, 76, 0.2894736842105263]),
 ('hp048', [172, 594, 0.2895622895622896]),
 ('clnode083', [203, 697, 0.29124820659971307]),
 ('clnode057', [259, 878, 0.2949886104783599]),
 ('ms1035', [22, 74, 0.2972972972972973]),
 ('hp026', [32, 106, 0.3018867924528302]),
 ('ms1034', [24, 79, 0.3037974683544304]),
 ('hp050', [70, 230, 0.30434782608695654]),
 ('ms0920', [148, 481, 0.3076923076923077]),
 ('ms0807', [137, 444, 0.30855855855855857]),
 ('clnode002', [27, 87, 0.3103448275862069]),
 ('clnode074', [203, 651, 0.3118279569892473]),
 ('ms0814', [51, 163, 0.3128834355828221]),
 ('hp086', [154, 492, 0.3130081300813008]),
 ('hp157', [149, 476, 0.3130252100840336]),
 ('ms1005', [213, 674, 0.31602373887240354]),
 ('hp077', [76, 236, 0.3220338983050847]),
 ('clnode055', [389, 1170, 0.33247863247863246]),
 ('ms0433', [126, 378, 0.3333333333333333]),
 ('clnode200', [9, 27, 0.3333333333333333]),
 ('ms0844', [61, 183, 0.3333333333333333]),
 ('clnode216', [8, 24, 0.3333333333333333]),
 ('clnode136', [39, 116, 0.33620689655172414]),
 ('hp192', [162, 480, 0.3375]),
 ('hp009', [234, 693, 0.33766233766233766]),
 ('ms0426', [42, 124, 0.3387096774193548]),
 ('hp186', [244, 715, 0.3412587412587413]),
 ('ms1020', [61, 177, 0.3446327683615819]),
 ('ms0833', [40, 116, 0.3448275862068966]),
 ('clnode159', [43, 124, 0.3467741935483871]),
 ('hp063', [47, 135, 0.34814814814814815]),
 ('hp105', [167, 477, 0.350104821802935]),
 ('ms1014', [26, 74, 0.35135135135135137]),
 ('hp060', [45, 126, 0.35714285714285715]),
 ('clnode203', [25, 70, 0.35714285714285715]),
 ('hp193', [166, 464, 0.3577586206896552]),
 ('hp091', [166, 464, 0.3577586206896552]),
 ('hp161', [166, 461, 0.3600867678958785]),
 ('hp116', [178, 494, 0.3603238866396761]),
 ('hp068', [17, 47, 0.3617021276595745]),
 ('ms0904', [18, 48, 0.375]),
 ('ms1122', [211, 561, 0.3761140819964349]),
 ('clnode195', [203, 531, 0.3822975517890772]),
 ('hp179', [72, 188, 0.3829787234042553]),
 ('hp199', [52, 135, 0.3851851851851852]),
 ('ms1041', [32, 83, 0.3855421686746988]),
 ('hp074', [63, 161, 0.391304347826087]),
 ('ms0125', [297, 746, 0.39812332439678283]),
 ('ms0137', [68, 169, 0.40236686390532544]),
 ('hp150', [30, 73, 0.410958904109589]),
 ('clnode051', [496, 1191, 0.4164567590260285]),
 ('hp069', [14, 33, 0.42424242424242425]),
 ('clnode012', [17, 40, 0.425]),
 ('ms0929', [39, 90, 0.43333333333333335]),
 ('clgpu002', [39, 90, 0.43333333333333335]),
 ('ms1040', [36, 83, 0.43373493975903615]),
 ('ms0837', [18, 40, 0.45]),
 ('hp194', [10, 22, 0.45454545454545453]),
 ('clnode081', [501, 1096, 0.45711678832116787]),
 ('hp178', [16, 35, 0.45714285714285713]),
 ('hp067', [86, 183, 0.46994535519125685]),
 ('ms0913', [466, 990, 0.4707070707070707]),
 ('hp006', [288, 608, 0.47368421052631576]),
 ('hp151', [27, 57, 0.47368421052631576]),
 ('ms0834', [64, 133, 0.48120300751879697]),
 ('ms0831', [56, 116, 0.4827586206896552]),
 ('hp189', [14, 29, 0.4827586206896552]),
 ('clnode105', [18, 37, 0.4864864864864865]),
 ('hp140', [26, 53, 0.49056603773584906]),
 ('ms0813', [233, 467, 0.4989293361884368]),
 ('ms0422', [12, 24, 0.5]),
 ('hp032', [2, 4, 0.5]),
 ('clnode049', [1, 2, 0.5]),
 ('hp001', [787, 1551, 0.5074145712443585]),
 ('hp152', [32, 62, 0.5161290322580645]),
 ('hp051', [13, 25, 0.52]),
 ('hp180', [13, 25, 0.52]),
 ('hp022', [45, 86, 0.5232558139534884]),
 ('ms0820', [84, 153, 0.5490196078431373]),
 ('clnode117', [10, 18, 0.5555555555555556]),
 ('hp164', [16, 27, 0.5925925925925926]),
 ('hp190', [58, 96, 0.6041666666666666]),
 ('ms1345', [1568, 2592, 0.6049382716049383]),
 ('clnode187', [36, 58, 0.6206896551724138]),
 ('hp177', [58, 93, 0.6236559139784946]),
 ('clnode118', [12, 19, 0.631578947368421]),
 ('clgpu004', [480, 756, 0.6349206349206349]),
 ('hp175', [77, 121, 0.6363636363636364]),
 ('clnode059', [1027, 1613, 0.6367017978921264]),
 ('hp197', [76, 118, 0.6440677966101694]),
 ('hp167', [20, 31, 0.6451612903225806]),
 ('hp200', [71, 110, 0.6454545454545455]),
 ('hp185', [53, 81, 0.654320987654321]),
 ('hp103', [52, 79, 0.6582278481012658]),
 ('hp107', [56, 85, 0.6588235294117647]),
 ('hp172', [65, 97, 0.6701030927835051]),
 ('hp191', [60, 88, 0.6818181818181818]),
 ('hp101', [64, 88, 0.7272727272727273]),
 ('hp181', [92, 120, 0.7666666666666667]),
 ('clnode162', [10, 13, 0.7692307692307693]),
 ('hp065', [269, 348, 0.7729885057471264]),
 ('ms0829', [114, 137, 0.8321167883211679]),
 ('clnode109', [10, 12, 0.8333333333333334]),
 ('hp017', [9003, 10687, 0.8424253766258071]),
 ('hp054', [11374, 12263, 0.9275055043627172]),
 ('hp005', [8231, 8553, 0.9623523909739273]),
 ('hp053', [8903, 5822, 1.5291995877705256]),
 ('ms1102', [10058, 6180, 1.6275080906148867])]

